# board=.../Projeto 1/Projeto 1.bot.etch.tap
# tool size=0.177800
# pass=1
-17.71466,17.09411,-17.71466,17.73589
-17.71466,17.73589,-17.26085,18.18970
-17.26085,18.18970,-16.61907,18.18970
-16.61907,18.18970,-16.16526,17.73589
-16.16526,17.73589,-16.16526,17.09411
-16.16526,17.09411,-16.61907,16.64030
-16.61907,16.64030,-17.26085,16.64030
-17.26085,16.64030,-17.71466,17.09411
-15.17466,17.09411,-15.17466,17.73589
-15.17466,17.73589,-14.72085,18.18970
-14.72085,18.18970,-14.07907,18.18970
-14.07907,18.18970,-13.62526,17.73589
-13.62526,17.73589,-13.62526,17.09411
-13.62526,17.09411,-14.07907,16.64030
-14.07907,16.64030,-14.72085,16.64030
-14.72085,16.64030,-15.17466,17.09411
-3.10966,17.09411,-3.10966,17.73589
-3.10966,17.73589,-2.65585,18.18970
-2.65585,18.18970,-2.01407,18.18970
-2.01407,18.18970,-1.56026,17.73589
-1.56026,17.73589,-1.56026,17.09411
-1.56026,17.09411,-2.01407,16.64030
-2.01407,16.64030,-2.65585,16.64030
-2.65585,16.64030,-3.10966,17.09411
-10.72966,17.09411,-10.72966,17.73589
-10.72966,17.73589,-10.27585,18.18970
-10.27585,18.18970,-9.63407,18.18970
-9.63407,18.18970,-9.18026,17.73589
-9.18026,17.73589,-9.18026,17.09411
-9.18026,17.09411,-9.63407,16.64030
-9.63407,16.64030,-10.27585,16.64030
-10.27585,16.64030,-10.72966,17.09411
-17.71466,25.98411,-17.71466,26.62589
-17.71466,26.62589,-17.26085,27.07970
-17.26085,27.07970,-16.61907,27.07970
-16.61907,27.07970,-16.16526,26.62589
-16.16526,26.62589,-16.16526,25.98411
-16.16526,25.98411,-16.61907,25.53030
-16.61907,25.53030,-17.26085,25.53030
-17.26085,25.53030,-17.71466,25.98411
-15.17466,25.98411,-15.17466,26.62589
-15.17466,26.62589,-14.72085,27.07970
-14.72085,27.07970,-14.07907,27.07970
-14.07907,27.07970,-13.62526,26.62589
-13.62526,26.62589,-13.62526,25.98411
-13.62526,25.98411,-14.07907,25.53030
-14.07907,25.53030,-14.72085,25.53030
-14.72085,25.53030,-15.17466,25.98411
-3.10966,25.98411,-3.10966,26.62589
-3.10966,26.62589,-2.65585,27.07970
-2.65585,27.07970,-2.01407,27.07970
-2.01407,27.07970,-1.56026,26.62589
-1.56026,26.62589,-1.56026,25.98411
-1.56026,25.98411,-2.01407,25.53030
-2.01407,25.53030,-2.65585,25.53030
-2.65585,25.53030,-3.10966,25.98411
-10.72966,25.98411,-10.72966,26.62589
-10.72966,26.62589,-10.27585,27.07970
-10.27585,27.07970,-9.63407,27.07970
-9.63407,27.07970,-9.18026,26.62589
-9.18026,26.62589,-9.18026,25.98411
-9.18026,25.98411,-9.63407,25.53030
-9.63407,25.53030,-10.27585,25.53030
-10.27585,25.53030,-10.72966,25.98411
-17.71466,34.23911,-17.71466,34.88089
-17.71466,34.88089,-17.26085,35.33470
-17.26085,35.33470,-16.61907,35.33470
-16.61907,35.33470,-16.16526,34.88089
-16.16526,34.88089,-16.16526,34.23911
-16.16526,34.23911,-16.61907,33.78530
-16.61907,33.78530,-17.26085,33.78530
-17.26085,33.78530,-17.71466,34.23911
-15.17466,34.23911,-15.17466,34.88089
-15.17466,34.88089,-14.72085,35.33470
-14.72085,35.33470,-14.07907,35.33470
-14.07907,35.33470,-13.62526,34.88089
-13.62526,34.88089,-13.62526,34.23911
-13.62526,34.23911,-14.07907,33.78530
-14.07907,33.78530,-14.72085,33.78530
-14.72085,33.78530,-15.17466,34.23911
-3.10966,34.23911,-3.10966,34.88089
-3.10966,34.88089,-2.65585,35.33470
-2.65585,35.33470,-2.01407,35.33470
-2.01407,35.33470,-1.56026,34.88089
-1.56026,34.88089,-1.56026,34.23911
-1.56026,34.23911,-2.01407,33.78530
-2.01407,33.78530,-2.65585,33.78530
-2.65585,33.78530,-3.10966,34.23911
-10.72966,34.23911,-10.72966,34.88089
-10.72966,34.88089,-10.27585,35.33470
-10.27585,35.33470,-9.63407,35.33470
-9.63407,35.33470,-9.18026,34.88089
-9.18026,34.88089,-9.18026,34.23911
-9.18026,34.23911,-9.63407,33.78530
-9.63407,33.78530,-10.27585,33.78530
-10.27585,33.78530,-10.72966,34.23911
-8.72926, 4.60066,-8.72926, 7.36934
-8.72926, 7.36934,-8.69505, 7.58533
-8.69505, 7.58533,-8.62748, 7.79331
-8.62748, 7.79331,-8.52820, 7.98815
-8.52820, 7.98815,-8.39966, 8.16507
-8.39966, 8.16507,-8.24503, 8.31970
-8.24503, 8.31970,-8.06811, 8.44823
-8.06811, 8.44823,-7.87327, 8.54751
-7.87327, 8.54751,-7.66529, 8.61509
-7.66529, 8.61509,-7.44930, 8.64930
-7.44930, 8.64930,-7.23062, 8.64930
-7.23062, 8.64930,-7.01463, 8.61509
-7.01463, 8.61509,-6.80665, 8.54751
-6.80665, 8.54751,-6.61181, 8.44823
-6.61181, 8.44823,-6.43489, 8.31970
-6.43489, 8.31970,-6.28026, 8.16507
-6.28026, 8.16507,-6.15172, 7.98815
-6.15172, 7.98815,-6.05245, 7.79331
-6.05245, 7.79331,-5.98487, 7.58533
-5.98487, 7.58533,-5.95066, 7.36934
-5.95066, 7.36934,-5.95066, 4.60066
-5.95066, 4.60066,-5.98487, 4.38467
-5.98487, 4.38467,-6.05245, 4.17669
-6.05245, 4.17669,-6.15172, 3.98185
-6.15172, 3.98185,-6.28026, 3.80493
-6.28026, 3.80493,-6.43489, 3.65030
-6.43489, 3.65030,-6.61181, 3.52176
-6.61181, 3.52176,-6.80665, 3.42248
-6.80665, 3.42248,-7.01463, 3.35491
-7.01463, 3.35491,-7.23062, 3.32070
-7.23062, 3.32070,-7.44930, 3.32070
-7.44930, 3.32070,-7.66529, 3.35491
-7.66529, 3.35491,-7.87327, 3.42248
-7.87327, 3.42248,-8.06811, 3.52176
-8.06811, 3.52176,-8.24503, 3.65030
-8.24503, 3.65030,-8.39966, 3.80493
-8.39966, 3.80493,-8.52820, 3.98185
-8.52820, 3.98185,-8.62748, 4.17669
-8.62748, 4.17669,-8.69505, 4.38467
-8.69505, 4.38467,-8.72926, 4.60066
-12.68926, 4.60066,-12.68926, 7.36934
-12.68926, 7.36934,-12.65505, 7.58533
-12.65505, 7.58533,-12.58748, 7.79331
-12.58748, 7.79331,-12.48820, 7.98815
-12.48820, 7.98815,-12.35966, 8.16507
-12.35966, 8.16507,-12.20503, 8.31970
-12.20503, 8.31970,-12.02811, 8.44823
-12.02811, 8.44823,-11.83327, 8.54751
-11.83327, 8.54751,-11.62529, 8.61509
-11.62529, 8.61509,-11.40930, 8.64930
-11.40930, 8.64930,-11.19062, 8.64930
-11.19062, 8.64930,-10.97463, 8.61509
-10.97463, 8.61509,-10.76665, 8.54751
-10.76665, 8.54751,-10.57181, 8.44823
-10.57181, 8.44823,-10.39489, 8.31970
-10.39489, 8.31970,-10.24026, 8.16507
-10.24026, 8.16507,-10.11172, 7.98815
-10.11172, 7.98815,-10.01245, 7.79331
-10.01245, 7.79331,-9.94487, 7.58533
-9.94487, 7.58533,-9.91066, 7.36934
-9.91066, 7.36934,-9.91066, 4.60066
-9.91066, 4.60066,-9.94487, 4.38467
-9.94487, 4.38467,-10.01245, 4.17669
-10.01245, 4.17669,-10.11172, 3.98185
-10.11172, 3.98185,-10.24026, 3.80493
-10.24026, 3.80493,-10.39489, 3.65030
-10.39489, 3.65030,-10.57181, 3.52176
-10.57181, 3.52176,-10.76665, 3.42248
-10.76665, 3.42248,-10.97463, 3.35491
-10.97463, 3.35491,-11.19062, 3.32070
-11.19062, 3.32070,-11.40930, 3.32070
-11.40930, 3.32070,-11.62529, 3.35491
-11.62529, 3.35491,-11.83327, 3.42248
-11.83327, 3.42248,-12.02811, 3.52176
-12.02811, 3.52176,-12.20503, 3.65030
-12.20503, 3.65030,-12.35966, 3.80493
-12.35966, 3.80493,-12.48820, 3.98185
-12.48820, 3.98185,-12.58748, 4.17669
-12.58748, 4.17669,-12.65505, 4.38467
-12.65505, 4.38467,-12.68926, 4.60066
# pass=2
-17.84166,17.04150,-17.84166,17.78849
-17.84166,17.78849,-17.31346,18.31670
-17.31346,18.31670,-16.56647,18.31670
-16.56647,18.31670,-16.03826,17.78849
-16.03826,17.78849,-16.03826,17.04150
-16.03826,17.04150,-16.56647,16.51330
-16.56647,16.51330,-17.31346,16.51330
-17.31346,16.51330,-17.84166,17.04150
-15.30166,17.04150,-15.30166,17.78849
-15.30166,17.78849,-14.77346,18.31670
-14.77346,18.31670,-14.02647,18.31670
-14.02647,18.31670,-13.49826,17.78849
-13.49826,17.78849,-13.49826,17.04150
-13.49826,17.04150,-14.02647,16.51330
-14.02647,16.51330,-14.77346,16.51330
-14.77346,16.51330,-15.30166,17.04150
-3.23666,17.04150,-3.23666,17.78849
-3.23666,17.78849,-2.70846,18.31670
-2.70846,18.31670,-1.96147,18.31670
-1.96147,18.31670,-1.43326,17.78849
-1.43326,17.78849,-1.43326,17.04150
-1.43326,17.04150,-1.96147,16.51330
-1.96147,16.51330,-2.70846,16.51330
-2.70846,16.51330,-3.23666,17.04150
-10.85666,17.04150,-10.85666,17.78849
-10.85666,17.78849,-10.32846,18.31670
-10.32846,18.31670,-9.58147,18.31670
-9.58147,18.31670,-9.05326,17.78849
-9.05326,17.78849,-9.05326,17.04150
-9.05326,17.04150,-9.58147,16.51330
-9.58147,16.51330,-10.32846,16.51330
-10.32846,16.51330,-10.85666,17.04150
-17.84166,25.93150,-17.84166,26.67849
-17.84166,26.67849,-17.31346,27.20670
-17.31346,27.20670,-16.56647,27.20670
-16.56647,27.20670,-16.03826,26.67849
-16.03826,26.67849,-16.03826,25.93150
-16.03826,25.93150,-16.56647,25.40330
-16.56647,25.40330,-17.31346,25.40330
-17.31346,25.40330,-17.84166,25.93150
-15.30166,25.93150,-15.30166,26.67849
-15.30166,26.67849,-14.77346,27.20670
-14.77346,27.20670,-14.02647,27.20670
-14.02647,27.20670,-13.49826,26.67849
-13.49826,26.67849,-13.49826,25.93150
-13.49826,25.93150,-14.02647,25.40330
-14.02647,25.40330,-14.77346,25.40330
-14.77346,25.40330,-15.30166,25.93150
-3.23666,25.93150,-3.23666,26.67849
-3.23666,26.67849,-2.70846,27.20670
-2.70846,27.20670,-1.96147,27.20670
-1.96147,27.20670,-1.43326,26.67849
-1.43326,26.67849,-1.43326,25.93150
-1.43326,25.93150,-1.96147,25.40330
-1.96147,25.40330,-2.70846,25.40330
-2.70846,25.40330,-3.23666,25.93150
-10.85666,25.93150,-10.85666,26.67849
-10.85666,26.67849,-10.32846,27.20670
-10.32846,27.20670,-9.58147,27.20670
-9.58147,27.20670,-9.05326,26.67849
-9.05326,26.67849,-9.05326,25.93150
-9.05326,25.93150,-9.58147,25.40330
-9.58147,25.40330,-10.32846,25.40330
-10.32846,25.40330,-10.85666,25.93150
-17.84166,34.18650,-17.84166,34.93349
-17.84166,34.93349,-17.31346,35.46170
-17.31346,35.46170,-16.56647,35.46170
-16.56647,35.46170,-16.03826,34.93349
-16.03826,34.93349,-16.03826,34.18650
-16.03826,34.18650,-16.56647,33.65830
-16.56647,33.65830,-17.31346,33.65830
-17.31346,33.65830,-17.84166,34.18650
-15.30166,34.18650,-15.30166,34.93349
-15.30166,34.93349,-14.77346,35.46170
-14.77346,35.46170,-14.02647,35.46170
-14.02647,35.46170,-13.49826,34.93349
-13.49826,34.93349,-13.49826,34.18650
-13.49826,34.18650,-14.02647,33.65830
-14.02647,33.65830,-14.77346,33.65830
-14.77346,33.65830,-15.30166,34.18650
-3.23666,34.18650,-3.23666,34.93349
-3.23666,34.93349,-2.70846,35.46170
-2.70846,35.46170,-1.96147,35.46170
-1.96147,35.46170,-1.43326,34.93349
-1.43326,34.93349,-1.43326,34.18650
-1.43326,34.18650,-1.96147,33.65830
-1.96147,33.65830,-2.70846,33.65830
-2.70846,33.65830,-3.23666,34.18650
-10.85666,34.18650,-10.85666,34.93349
-10.85666,34.93349,-10.32846,35.46170
-10.32846,35.46170,-9.58147,35.46170
-9.58147,35.46170,-9.05326,34.93349
-9.05326,34.93349,-9.05326,34.18650
-9.05326,34.18650,-9.58147,33.65830
-9.58147,33.65830,-10.32846,33.65830
-10.32846,33.65830,-10.85666,34.18650
-8.85626, 4.59066,-8.85626, 7.37933
-8.85626, 7.37933,-8.81892, 7.61507
-8.81892, 7.61507,-8.74517, 7.84206
-8.74517, 7.84206,-8.63682, 8.05471
-8.63682, 8.05471,-8.49653, 8.24780
-8.49653, 8.24780,-8.32776, 8.41657
-8.32776, 8.41657,-8.13467, 8.55685
-8.13467, 8.55685,-7.92202, 8.66521
-7.92202, 8.66521,-7.69503, 8.73896
-7.69503, 8.73896,-7.45930, 8.77630
-7.45930, 8.77630,-7.22063, 8.77630
-7.22063, 8.77630,-6.98489, 8.73896
-6.98489, 8.73896,-6.75790, 8.66521
-6.75790, 8.66521,-6.54525, 8.55685
-6.54525, 8.55685,-6.35216, 8.41657
-6.35216, 8.41657,-6.18339, 8.24780
-6.18339, 8.24780,-6.04311, 8.05471
-6.04311, 8.05471,-5.93475, 7.84206
-5.93475, 7.84206,-5.86100, 7.61507
-5.86100, 7.61507,-5.82366, 7.37933
-5.82366, 7.37933,-5.82366, 4.59066
-5.82366, 4.59066,-5.86100, 4.35493
-5.86100, 4.35493,-5.93475, 4.12794
-5.93475, 4.12794,-6.04311, 3.91528
-6.04311, 3.91528,-6.18339, 3.72220
-6.18339, 3.72220,-6.35216, 3.55343
-6.35216, 3.55343,-6.54525, 3.41314
-6.54525, 3.41314,-6.75790, 3.30479
-6.75790, 3.30479,-6.98489, 3.23104
-6.98489, 3.23104,-7.22063, 3.19370
-7.22063, 3.19370,-7.45930, 3.19370
-7.45930, 3.19370,-7.69503, 3.23104
-7.69503, 3.23104,-7.92202, 3.30479
-7.92202, 3.30479,-8.13467, 3.41314
-8.13467, 3.41314,-8.32776, 3.55343
-8.32776, 3.55343,-8.49653, 3.72220
-8.49653, 3.72220,-8.63682, 3.91528
-8.63682, 3.91528,-8.74517, 4.12794
-8.74517, 4.12794,-8.81892, 4.35493
-8.81892, 4.35493,-8.85626, 4.59066
-12.81626, 4.59066,-12.81626, 7.37933
-12.81626, 7.37933,-12.77892, 7.61507
-12.77892, 7.61507,-12.70517, 7.84206
-12.70517, 7.84206,-12.59682, 8.05471
-12.59682, 8.05471,-12.45653, 8.24780
-12.45653, 8.24780,-12.28776, 8.41657
-12.28776, 8.41657,-12.09468, 8.55685
-12.09468, 8.55685,-11.88202, 8.66521
-11.88202, 8.66521,-11.65503, 8.73896
-11.65503, 8.73896,-11.41930, 8.77630
-11.41930, 8.77630,-11.18063, 8.77630
-11.18063, 8.77630,-10.94489, 8.73896
-10.94489, 8.73896,-10.71790, 8.66521
-10.71790, 8.66521,-10.50525, 8.55685
-10.50525, 8.55685,-10.31216, 8.41657
-10.31216, 8.41657,-10.14339, 8.24780
-10.14339, 8.24780,-10.00311, 8.05471
-10.00311, 8.05471,-9.89475, 7.84206
-9.89475, 7.84206,-9.82100, 7.61507
-9.82100, 7.61507,-9.78366, 7.37933
-9.78366, 7.37933,-9.78366, 4.59066
-9.78366, 4.59066,-9.82100, 4.35493
-9.82100, 4.35493,-9.89475, 4.12794
-9.89475, 4.12794,-10.00311, 3.91528
-10.00311, 3.91528,-10.14339, 3.72220
-10.14339, 3.72220,-10.31216, 3.55343
-10.31216, 3.55343,-10.50525, 3.41314
-10.50525, 3.41314,-10.71790, 3.30479
-10.71790, 3.30479,-10.94489, 3.23104
-10.94489, 3.23104,-11.18063, 3.19370
-11.18063, 3.19370,-11.41930, 3.19370
-11.41930, 3.19370,-11.65503, 3.23104
-11.65503, 3.23104,-11.88202, 3.30479
-11.88202, 3.30479,-12.09468, 3.41314
-12.09468, 3.41314,-12.28776, 3.55343
-12.28776, 3.55343,-12.45653, 3.72220
-12.45653, 3.72220,-12.59682, 3.91528
-12.59682, 3.91528,-12.70517, 4.12794
-12.70517, 4.12794,-12.77892, 4.35493
-12.77892, 4.35493,-12.81626, 4.59066
# pass=3
-17.96866,16.98890,-17.96866,17.84110
-17.96866,17.84110,-17.36606,18.44370
-17.36606,18.44370,-16.51386,18.44370
-16.51386,18.44370,-15.91126,17.84110
-15.91126,17.84110,-15.91126,16.98890
-15.91126,16.98890,-16.51386,16.38630
-16.51386,16.38630,-17.36606,16.38630
-17.36606,16.38630,-17.96866,16.98890
-15.42866,16.98890,-15.42866,17.84110
-15.42866,17.84110,-14.82606,18.44370
-14.82606,18.44370,-13.97386,18.44370
-13.97386,18.44370,-13.37126,17.84110
-13.37126,17.84110,-13.37126,16.98890
-13.37126,16.98890,-13.97386,16.38630
-13.97386,16.38630,-14.82606,16.38630
-14.82606,16.38630,-15.42866,16.98890
-3.36366,16.98890,-3.36366,17.84110
-3.36366,17.84110,-2.76106,18.44370
-2.76106,18.44370,-1.90886,18.44370
-1.90886,18.44370,-1.30626,17.84110
-1.30626,17.84110,-1.30626,16.98890
-1.30626,16.98890,-1.90886,16.38630
-1.90886,16.38630,-2.76106,16.38630
-2.76106,16.38630,-3.36366,16.98890
-10.98366,16.98890,-10.98366,17.84110
-10.98366,17.84110,-10.38106,18.44370
-10.38106,18.44370,-9.52886,18.44370
-9.52886,18.44370,-8.92626,17.84110
-8.92626,17.84110,-8.92626,16.98890
-8.92626,16.98890,-9.52886,16.38630
-9.52886,16.38630,-10.38106,16.38630
-10.38106,16.38630,-10.98366,16.98890
-17.96866,25.87890,-17.96866,26.73110
-17.96866,26.73110,-17.36606,27.33370
-17.36606,27.33370,-16.51386,27.33370
-16.51386,27.33370,-15.91126,26.73110
-15.91126,26.73110,-15.91126,25.87890
-15.91126,25.87890,-16.51386,25.27630
-16.51386,25.27630,-17.36606,25.27630
-17.36606,25.27630,-17.96866,25.87890
-15.42866,25.87890,-15.42866,26.73110
-15.42866,26.73110,-14.82606,27.33370
-14.82606,27.33370,-13.97386,27.33370
-13.97386,27.33370,-13.37126,26.73110
-13.37126,26.73110,-13.37126,25.87890
-13.37126,25.87890,-13.97386,25.27630
-13.97386,25.27630,-14.82606,25.27630
-14.82606,25.27630,-15.42866,25.87890
-3.36366,25.87890,-3.36366,26.73110
-3.36366,26.73110,-2.76106,27.33370
-2.76106,27.33370,-1.90886,27.33370
-1.90886,27.33370,-1.30626,26.73110
-1.30626,26.73110,-1.30626,25.87890
-1.30626,25.87890,-1.90886,25.27630
-1.90886,25.27630,-2.76106,25.27630
-2.76106,25.27630,-3.36366,25.87890
-10.98366,25.87890,-10.98366,26.73110
-10.98366,26.73110,-10.38106,27.33370
-10.38106,27.33370,-9.52886,27.33370
-9.52886,27.33370,-8.92626,26.73110
-8.92626,26.73110,-8.92626,25.87890
-8.92626,25.87890,-9.52886,25.27630
-9.52886,25.27630,-10.38106,25.27630
-10.38106,25.27630,-10.98366,25.87890
-17.96866,34.13390,-17.96866,34.98610
-17.96866,34.98610,-17.36606,35.58870
-17.36606,35.58870,-16.51386,35.58870
-16.51386,35.58870,-15.91126,34.98610
-15.91126,34.98610,-15.91126,34.13390
-15.91126,34.13390,-16.51386,33.53130
-16.51386,33.53130,-17.36606,33.53130
-17.36606,33.53130,-17.96866,34.13390
-15.42866,34.13390,-15.42866,34.98610
-15.42866,34.98610,-14.82606,35.58870
-14.82606,35.58870,-13.97386,35.58870
-13.97386,35.58870,-13.37126,34.98610
-13.37126,34.98610,-13.37126,34.13390
-13.37126,34.13390,-13.97386,33.53130
-13.97386,33.53130,-14.82606,33.53130
-14.82606,33.53130,-15.42866,34.13390
-3.36366,34.13390,-3.36366,34.98610
-3.36366,34.98610,-2.76106,35.58870
-2.76106,35.58870,-1.90886,35.58870
-1.90886,35.58870,-1.30626,34.98610
-1.30626,34.98610,-1.30626,34.13390
-1.30626,34.13390,-1.90886,33.53130
-1.90886,33.53130,-2.76106,33.53130
-2.76106,33.53130,-3.36366,34.13390
-10.98366,34.13390,-10.98366,34.98610
-10.98366,34.98610,-10.38106,35.58870
-10.38106,35.58870,-9.52886,35.58870
-9.52886,35.58870,-8.92626,34.98610
-8.92626,34.98610,-8.92626,34.13390
-8.92626,34.13390,-9.52886,33.53130
-9.52886,33.53130,-10.38106,33.53130
-10.38106,33.53130,-10.98366,34.13390
-8.98326, 4.60229,-8.98326, 7.36771
-8.98326, 7.36771,-8.95514, 7.58128
-8.95514, 7.58128,-8.89939, 7.78935
-8.89939, 7.78935,-8.81695, 7.98837
-8.81695, 7.98837,-8.70925, 8.17492
-8.70925, 8.17492,-8.57811, 8.34582
-8.57811, 8.34582,-8.42579, 8.49815
-8.42579, 8.49815,-8.25489, 8.62928
-8.25489, 8.62928,-8.06833, 8.73699
-8.06833, 8.73699,-7.86932, 8.81943
-7.86932, 8.81943,-7.66124, 8.87518
-7.66124, 8.87518,-7.44767, 8.90330
-7.44767, 8.90330,-7.23225, 8.90330
-7.23225, 8.90330,-7.01868, 8.87518
-7.01868, 8.87518,-6.81061, 8.81943
-6.81061, 8.81943,-6.61159, 8.73699
-6.61159, 8.73699,-6.42503, 8.62928
-6.42503, 8.62928,-6.25413, 8.49815
-6.25413, 8.49815,-6.10181, 8.34582
-6.10181, 8.34582,-5.97067, 8.17492
-5.97067, 8.17492,-5.86297, 7.98837
-5.86297, 7.98837,-5.78053, 7.78935
-5.78053, 7.78935,-5.72478, 7.58128
-5.72478, 7.58128,-5.69666, 7.36771
-5.69666, 7.36771,-5.69666, 4.60229
-5.69666, 4.60229,-5.72478, 4.38872
-5.72478, 4.38872,-5.78053, 4.18064
-5.78053, 4.18064,-5.86297, 3.98163
-5.86297, 3.98163,-5.97067, 3.79507
-5.97067, 3.79507,-6.10181, 3.62417
-6.10181, 3.62417,-6.25413, 3.47185
-6.25413, 3.47185,-6.42503, 3.34071
-6.42503, 3.34071,-6.61159, 3.23301
-6.61159, 3.23301,-6.81061, 3.15057
-6.81061, 3.15057,-7.01868, 3.09482
-7.01868, 3.09482,-7.23225, 3.06670
-7.23225, 3.06670,-7.44767, 3.06670
-7.44767, 3.06670,-7.66124, 3.09482
-7.66124, 3.09482,-7.86932, 3.15057
-7.86932, 3.15057,-8.06833, 3.23301
-8.06833, 3.23301,-8.25489, 3.34071
-8.25489, 3.34071,-8.42579, 3.47185
-8.42579, 3.47185,-8.57811, 3.62417
-8.57811, 3.62417,-8.70925, 3.79507
-8.70925, 3.79507,-8.81695, 3.98163
-8.81695, 3.98163,-8.89939, 4.18064
-8.89939, 4.18064,-8.95514, 4.38872
-8.95514, 4.38872,-8.98326, 4.60229
-12.94326, 4.60229,-12.94326, 7.36771
-12.94326, 7.36771,-12.91514, 7.58128
-12.91514, 7.58128,-12.85939, 7.78935
-12.85939, 7.78935,-12.77695, 7.98837
-12.77695, 7.98837,-12.66925, 8.17492
-12.66925, 8.17492,-12.53811, 8.34582
-12.53811, 8.34582,-12.38579, 8.49815
-12.38579, 8.49815,-12.21489, 8.62928
-12.21489, 8.62928,-12.02833, 8.73699
-12.02833, 8.73699,-11.82932, 8.81943
-11.82932, 8.81943,-11.62124, 8.87518
-11.62124, 8.87518,-11.40767, 8.90330
-11.40767, 8.90330,-11.19225, 8.90330
-11.19225, 8.90330,-10.97868, 8.87518
-10.97868, 8.87518,-10.77061, 8.81943
-10.77061, 8.81943,-10.57159, 8.73699
-10.57159, 8.73699,-10.38503, 8.62928
-10.38503, 8.62928,-10.21413, 8.49815
-10.21413, 8.49815,-10.06181, 8.34582
-10.06181, 8.34582,-9.93068, 8.17492
-9.93068, 8.17492,-9.82297, 7.98837
-9.82297, 7.98837,-9.74053, 7.78935
-9.74053, 7.78935,-9.68478, 7.58128
-9.68478, 7.58128,-9.65666, 7.36771
-9.65666, 7.36771,-9.65666, 4.60229
-9.65666, 4.60229,-9.68478, 4.38872
-9.68478, 4.38872,-9.74053, 4.18064
-9.74053, 4.18064,-9.82297, 3.98163
-9.82297, 3.98163,-9.93068, 3.79507
-9.93068, 3.79507,-10.06181, 3.62417
-10.06181, 3.62417,-10.21413, 3.47185
-10.21413, 3.47185,-10.38503, 3.34071
-10.38503, 3.34071,-10.57159, 3.23301
-10.57159, 3.23301,-10.77061, 3.15057
-10.77061, 3.15057,-10.97868, 3.09482
-10.97868, 3.09482,-11.19225, 3.06670
-11.19225, 3.06670,-11.40767, 3.06670
-11.40767, 3.06670,-11.62124, 3.09482
-11.62124, 3.09482,-11.82932, 3.15057
-11.82932, 3.15057,-12.02833, 3.23301
-12.02833, 3.23301,-12.21489, 3.34071
-12.21489, 3.34071,-12.38579, 3.47185
-12.38579, 3.47185,-12.53811, 3.62417
-12.53811, 3.62417,-12.66925, 3.79507
-12.66925, 3.79507,-12.77695, 3.98163
-12.77695, 3.98163,-12.85939, 4.18064
-12.85939, 4.18064,-12.91514, 4.38872
-12.91514, 4.38872,-12.94326, 4.60229
# pass=4
-18.09566,16.93629,-18.09566,17.89370
-18.09566,17.89370,-17.41867,18.57070
-17.41867,18.57070,-16.46126,18.57070
-16.46126,18.57070,-15.78426,17.89370
-15.78426,17.89370,-15.78426,16.93629
-15.78426,16.93629,-16.46126,16.25930
-16.46126,16.25930,-17.41867,16.25930
-17.41867,16.25930,-18.09566,16.93629
-15.55566,16.93629,-15.55566,17.89370
-15.55566,17.89370,-14.87867,18.57070
-14.87867,18.57070,-13.92126,18.57070
-13.92126,18.57070,-13.24426,17.89370
-13.24426,17.89370,-13.24426,16.93629
-13.24426,16.93629,-13.92126,16.25930
-13.92126,16.25930,-14.87867,16.25930
-14.87867,16.25930,-15.55566,16.93629
-3.49066,16.93629,-3.49066,17.89370
-3.49066,17.89370,-2.81367,18.57070
-2.81367,18.57070,-1.85626,18.57070
-1.85626,18.57070,-1.17926,17.89370
-1.17926,17.89370,-1.17926,16.93629
-1.17926,16.93629,-1.85626,16.25930
-1.85626,16.25930,-2.81367,16.25930
-2.81367,16.25930,-3.49066,16.93629
-11.11066,16.93629,-11.11066,17.89370
-11.11066,17.89370,-10.43367,18.57070
-10.43367,18.57070,-9.47626,18.57070
-9.47626,18.57070,-8.79926,17.89370
-8.79926,17.89370,-8.79926,16.93629
-8.79926,16.93629,-9.47626,16.25930
-9.47626,16.25930,-10.43367,16.25930
-10.43367,16.25930,-11.11066,16.93629
-18.09566,25.82629,-18.09566,26.78370
-18.09566,26.78370,-17.41867,27.46070
-17.41867,27.46070,-16.46126,27.46070
-16.46126,27.46070,-15.78426,26.78370
-15.78426,26.78370,-15.78426,25.82629
-15.78426,25.82629,-16.46126,25.14930
-16.46126,25.14930,-17.41867,25.14930
-17.41867,25.14930,-18.09566,25.82629
-15.55566,25.82629,-15.55566,26.78370
-15.55566,26.78370,-14.87867,27.46070
-14.87867,27.46070,-13.92126,27.46070
-13.92126,27.46070,-13.24426,26.78370
-13.24426,26.78370,-13.24426,25.82629
-13.24426,25.82629,-13.92126,25.14930
-13.92126,25.14930,-14.87867,25.14930
-14.87867,25.14930,-15.55566,25.82629
-3.49066,25.82629,-3.49066,26.78370
-3.49066,26.78370,-2.81367,27.46070
-2.81367,27.46070,-1.85626,27.46070
-1.85626,27.46070,-1.17926,26.78370
-1.17926,26.78370,-1.17926,25.82629
-1.17926,25.82629,-1.85626,25.14930
-1.85626,25.14930,-2.81367,25.14930
-2.81367,25.14930,-3.49066,25.82629
-11.11066,25.82629,-11.11066,26.78370
-11.11066,26.78370,-10.43367,27.46070
-10.43367,27.46070,-9.47626,27.46070
-9.47626,27.46070,-8.79926,26.78370
-8.79926,26.78370,-8.79926,25.82629
-8.79926,25.82629,-9.47626,25.14930
-9.47626,25.14930,-10.43367,25.14930
-10.43367,25.14930,-11.11066,25.82629
-18.09566,34.08129,-18.09566,35.03870
-18.09566,35.03870,-17.41867,35.71570
-17.41867,35.71570,-16.46126,35.71570
-16.46126,35.71570,-15.78426,35.03870
-15.78426,35.03870,-15.78426,34.08129
-15.78426,34.08129,-16.46126,33.40430
-16.46126,33.40430,-17.41867,33.40430
-17.41867,33.40430,-18.09566,34.08129
-15.55566,34.08129,-15.55566,35.03870
-15.55566,35.03870,-14.87867,35.71570
-14.87867,35.71570,-13.92126,35.71570
-13.92126,35.71570,-13.24426,35.03870
-13.24426,35.03870,-13.24426,34.08129
-13.24426,34.08129,-13.92126,33.40430
-13.92126,33.40430,-14.87867,33.40430
-14.87867,33.40430,-15.55566,34.08129
-3.49066,34.08129,-3.49066,35.03870
-3.49066,35.03870,-2.81367,35.71570
-2.81367,35.71570,-1.85626,35.71570
-1.85626,35.71570,-1.17926,35.03870
-1.17926,35.03870,-1.17926,34.08129
-1.17926,34.08129,-1.85626,33.40430
-1.85626,33.40430,-2.81367,33.40430
-2.81367,33.40430,-3.49066,34.08129
-11.11066,34.08129,-11.11066,35.03870
-11.11066,35.03870,-10.43367,35.71570
-10.43367,35.71570,-9.47626,35.71570
-9.47626,35.71570,-8.79926,35.03870
-8.79926,35.03870,-8.79926,34.08129
-8.79926,34.08129,-9.47626,33.40430
-9.47626,33.40430,-10.43367,33.40430
-10.43367,33.40430,-11.11066,34.08129
-9.11026, 4.59397,-9.11026, 7.37603
-9.11026, 7.37603,-9.07997, 7.60611
-9.07997, 7.60611,-9.01991, 7.83027
-9.01991, 7.83027,-8.93110, 8.04466
-8.93110, 8.04466,-8.81507, 8.24563
-8.81507, 8.24563,-8.67380, 8.42974
-8.67380, 8.42974,-8.50971, 8.59383
-8.50971, 8.59383,-8.32560, 8.73511
-8.32560, 8.73511,-8.12462, 8.85114
-8.12462, 8.85114,-7.91023, 8.93994
-7.91023, 8.93994,-7.68607, 9.00001
-7.68607, 9.00001,-7.45599, 9.03030
-7.45599, 9.03030,-7.22393, 9.03030
-7.22393, 9.03030,-6.99385, 9.00001
-6.99385, 9.00001,-6.76969, 8.93994
-6.76969, 8.93994,-6.55530, 8.85114
-6.55530, 8.85114,-6.35433, 8.73511
-6.35433, 8.73511,-6.17022, 8.59383
-6.17022, 8.59383,-6.00612, 8.42974
-6.00612, 8.42974,-5.86485, 8.24563
-5.86485, 8.24563,-5.74882, 8.04466
-5.74882, 8.04466,-5.66002, 7.83027
-5.66002, 7.83027,-5.59995, 7.60611
-5.59995, 7.60611,-5.56966, 7.37603
-5.56966, 7.37603,-5.56966, 4.59397
-5.56966, 4.59397,-5.59995, 4.36389
-5.59995, 4.36389,-5.66002, 4.13973
-5.66002, 4.13973,-5.74882, 3.92533
-5.74882, 3.92533,-5.86485, 3.72436
-5.86485, 3.72436,-6.00612, 3.54025
-6.00612, 3.54025,-6.17022, 3.37616
-6.17022, 3.37616,-6.35433, 3.23489
-6.35433, 3.23489,-6.55530, 3.11886
-6.55530, 3.11886,-6.76969, 3.03005
-6.76969, 3.03005,-6.99385, 2.96999
-6.99385, 2.96999,-7.22393, 2.93970
-7.22393, 2.93970,-7.45599, 2.93970
-7.45599, 2.93970,-7.68607, 2.96999
-7.68607, 2.96999,-7.91023, 3.03005
-7.91023, 3.03005,-8.12462, 3.11886
-8.12462, 3.11886,-8.32560, 3.23489
-8.32560, 3.23489,-8.50971, 3.37616
-8.50971, 3.37616,-8.67380, 3.54025
-8.67380, 3.54025,-8.81507, 3.72436
-8.81507, 3.72436,-8.93110, 3.92533
-8.93110, 3.92533,-9.01991, 4.13973
-9.01991, 4.13973,-9.07997, 4.36389
-9.07997, 4.36389,-9.11026, 4.59397
-13.07026, 4.59397,-13.07026, 7.37603
-13.07026, 7.37603,-13.03997, 7.60611
-13.03997, 7.60611,-12.97991, 7.83027
-12.97991, 7.83027,-12.89110, 8.04466
-12.89110, 8.04466,-12.77507, 8.24563
-12.77507, 8.24563,-12.63380, 8.42974
-12.63380, 8.42974,-12.46971, 8.59383
-12.46971, 8.59383,-12.28560, 8.73511
-12.28560, 8.73511,-12.08463, 8.85114
-12.08463, 8.85114,-11.87023, 8.93994
-11.87023, 8.93994,-11.64607, 9.00001
-11.64607, 9.00001,-11.41599, 9.03030
-11.41599, 9.03030,-11.18393, 9.03030
-11.18393, 9.03030,-10.95385, 9.00001
-10.95385, 9.00001,-10.72969, 8.93994
-10.72969, 8.93994,-10.51530, 8.85114
-10.51530, 8.85114,-10.31433, 8.73511
-10.31433, 8.73511,-10.13022, 8.59383
-10.13022, 8.59383,-9.96612, 8.42974
-9.96612, 8.42974,-9.82485, 8.24563
-9.82485, 8.24563,-9.70882, 8.04466
-9.70882, 8.04466,-9.62002, 7.83027
-9.62002, 7.83027,-9.55995, 7.60611
-9.55995, 7.60611,-9.52966, 7.37603
-9.52966, 7.37603,-9.52966, 4.59397
-9.52966, 4.59397,-9.55995, 4.36389
-9.55995, 4.36389,-9.62002, 4.13973
-9.62002, 4.13973,-9.70882, 3.92533
-9.70882, 3.92533,-9.82485, 3.72436
-9.82485, 3.72436,-9.96612, 3.54025
-9.96612, 3.54025,-10.13022, 3.37616
-10.13022, 3.37616,-10.31433, 3.23489
-10.31433, 3.23489,-10.51530, 3.11886
-10.51530, 3.11886,-10.72969, 3.03005
-10.72969, 3.03005,-10.95385, 2.96999
-10.95385, 2.96999,-11.18393, 2.93970
-11.18393, 2.93970,-11.41599, 2.93970
-11.41599, 2.93970,-11.64607, 2.96999
-11.64607, 2.96999,-11.87023, 3.03005
-11.87023, 3.03005,-12.08463, 3.11886
-12.08463, 3.11886,-12.28560, 3.23489
-12.28560, 3.23489,-12.46971, 3.37616
-12.46971, 3.37616,-12.63380, 3.54025
-12.63380, 3.54025,-12.77507, 3.72436
-12.77507, 3.72436,-12.89110, 3.92533
-12.89110, 3.92533,-12.97991, 4.13973
-12.97991, 4.13973,-13.03997, 4.36389
-13.03997, 4.36389,-13.07026, 4.59397
# pass=5
-18.22266,34.02869,-18.22266,35.09131
-18.22266,35.09131,-17.47127,35.84270
-17.47127,35.84270,-16.40865,35.84270
-16.40865,35.84270,-15.66996,35.10401
-15.66996,35.10401,-14.93127,35.84270
-14.93127,35.84270,-13.86865,35.84270
-13.86865,35.84270,-13.11726,35.09131
-13.11726,35.09131,-13.11726,34.02869
-13.11726,34.02869,-13.86865,33.27730
-13.86865,33.27730,-14.93127,33.27730
-14.93127,33.27730,-15.66996,34.01599
-15.66996,34.01599,-16.40865,33.27730
-16.40865,33.27730,-17.47127,33.27730
-17.47127,33.27730,-18.22266,34.02869
-11.23766,25.77369,-11.23766,26.83631
-11.23766,26.83631,-10.48627,27.58770
-10.48627,27.58770,-9.42365,27.58770
-9.42365,27.58770,-8.67226,26.83631
-8.67226,26.83631,-8.67226,25.77369
-8.67226,25.77369,-9.42365,25.02230
-9.42365,25.02230,-10.48627,25.02230
-10.48627,25.02230,-11.23766,25.77369
-3.61766,25.77369,-3.61766,26.83631
-3.61766,26.83631,-2.86627,27.58770
-2.86627,27.58770,-1.80365,27.58770
-1.80365,27.58770,-1.05226,26.83631
-1.05226,26.83631,-1.05226,25.77369
-1.05226,25.77369,-1.80365,25.02230
-1.80365,25.02230,-2.86627,25.02230
-2.86627,25.02230,-3.61766,25.77369
-18.22266,16.88369,-18.22266,17.94631
-18.22266,17.94631,-17.47127,18.69770
-17.47127,18.69770,-16.40865,18.69770
-16.40865,18.69770,-15.66996,17.95901
-15.66996,17.95901,-14.93127,18.69770
-14.93127,18.69770,-13.86865,18.69770
-13.86865,18.69770,-13.11726,17.94631
-13.11726,17.94631,-13.11726,16.88369
-13.11726,16.88369,-13.86865,16.13230
-13.86865,16.13230,-14.93127,16.13230
-14.93127,16.13230,-15.66996,16.87099
-15.66996,16.87099,-16.40865,16.13230
-16.40865,16.13230,-17.47127,16.13230
-17.47127,16.13230,-18.22266,16.88369
-3.61766,16.88369,-3.61766,17.94631
-3.61766,17.94631,-2.86627,18.69770
-2.86627,18.69770,-1.80365,18.69770
-1.80365,18.69770,-1.05226,17.94631
-1.05226,17.94631,-1.05226,16.88369
-1.05226,16.88369,-1.80365,16.13230
-1.80365,16.13230,-2.86627,16.13230
-2.86627,16.13230,-3.61766,16.88369
-11.23766,16.88369,-11.23766,17.94631
-11.23766,17.94631,-10.48627,18.69770
-10.48627,18.69770,-9.42365,18.69770
-9.42365,18.69770,-8.67226,17.94631
-8.67226,17.94631,-8.67226,16.88369
-8.67226,16.88369,-9.42365,16.13230
-9.42365,16.13230,-10.48627,16.13230
-10.48627,16.13230,-11.23766,16.88369
-18.22266,25.77369,-18.22266,26.83631
-18.22266,26.83631,-17.47127,27.58770
-17.47127,27.58770,-16.40865,27.58770
-16.40865,27.58770,-15.66996,26.84901
-15.66996,26.84901,-14.93127,27.58770
-14.93127,27.58770,-13.86865,27.58770
-13.86865,27.58770,-13.11726,26.83631
-13.11726,26.83631,-13.11726,25.77369
-13.11726,25.77369,-13.86865,25.02230
-13.86865,25.02230,-14.93127,25.02230
-14.93127,25.02230,-15.66996,25.76099
-15.66996,25.76099,-16.40865,25.02230
-16.40865,25.02230,-17.47127,25.02230
-17.47127,25.02230,-18.22266,25.77369
-3.61766,34.02869,-3.61766,35.09131
-3.61766,35.09131,-2.86627,35.84270
-2.86627,35.84270,-1.80365,35.84270
-1.80365,35.84270,-1.05226,35.09131
-1.05226,35.09131,-1.05226,34.02869
-1.05226,34.02869,-1.80365,33.27730
-1.80365,33.27730,-2.86627,33.27730
-2.86627,33.27730,-3.61766,34.02869
-11.23766,34.02869,-11.23766,35.09131
-11.23766,35.09131,-10.48627,35.84270
-10.48627,35.84270,-9.42365,35.84270
-9.42365,35.84270,-8.67226,35.09131
-8.67226,35.09131,-8.67226,34.02869
-8.67226,34.02869,-9.42365,33.27730
-9.42365,33.27730,-10.48627,33.27730
-10.48627,33.27730,-11.23766,34.02869
-9.23726, 4.58564,-9.23726, 7.38436
-9.23726, 7.38436,-9.20480, 7.63094
-9.20480, 7.63094,-9.14043, 7.87118
-9.14043, 7.87118,-9.04525, 8.10095
-9.04525, 8.10095,-8.92089, 8.31634
-8.92089, 8.31634,-8.76949, 8.51366
-8.76949, 8.51366,-8.59362, 8.68952
-8.59362, 8.68952,-8.39631, 8.84093
-8.39631, 8.84093,-8.18092, 8.96528
-8.18092, 8.96528,-7.95114, 9.06046
-7.95114, 9.06046,-7.71090, 9.12483
-7.71090, 9.12483,-7.46432, 9.15730
-7.46432, 9.15730,-7.21560, 9.15730
-7.21560, 9.15730,-6.96902, 9.12483
-6.96902, 9.12483,-6.72878, 9.06046
-6.72878, 9.06046,-6.49901, 8.96528
-6.49901, 8.96528,-6.28362, 8.84093
-6.28362, 8.84093,-6.08630, 8.68952
-6.08630, 8.68952,-5.91043, 8.51366
-5.91043, 8.51366,-5.75903, 8.31634
-5.75903, 8.31634,-5.63468, 8.10095
-5.63468, 8.10095,-5.53950, 7.87118
-5.53950, 7.87118,-5.47513, 7.63094
-5.47513, 7.63094,-5.44266, 7.38436
-5.44266, 7.38436,-5.44266, 4.58564
-5.44266, 4.58564,-5.47513, 4.33906
-5.47513, 4.33906,-5.53950, 4.09882
-5.53950, 4.09882,-5.63468, 3.86904
-5.63468, 3.86904,-5.75903, 3.65365
-5.75903, 3.65365,-5.91043, 3.45634
-5.91043, 3.45634,-6.08630, 3.28047
-6.08630, 3.28047,-6.28362, 3.12907
-6.28362, 3.12907,-6.49901, 3.00471
-6.49901, 3.00471,-6.72878, 2.90953
-6.72878, 2.90953,-6.96902, 2.84516
-6.96902, 2.84516,-7.21560, 2.81270
-7.21560, 2.81270,-7.46432, 2.81270
-7.46432, 2.81270,-7.71090, 2.84516
-7.71090, 2.84516,-7.95114, 2.90953
-7.95114, 2.90953,-8.18092, 3.00471
-8.18092, 3.00471,-8.39631, 3.12907
-8.39631, 3.12907,-8.59362, 3.28047
-8.59362, 3.28047,-8.76949, 3.45634
-8.76949, 3.45634,-8.92089, 3.65365
-8.92089, 3.65365,-9.04525, 3.86904
-9.04525, 3.86904,-9.14043, 4.09882
-9.14043, 4.09882,-9.20480, 4.33906
-9.20480, 4.33906,-9.23726, 4.58564
-13.19726, 4.58564,-13.19726, 7.38436
-13.19726, 7.38436,-13.16480, 7.63094
-13.16480, 7.63094,-13.10043, 7.87118
-13.10043, 7.87118,-13.00525, 8.10095
-13.00525, 8.10095,-12.88089, 8.31634
-12.88089, 8.31634,-12.72949, 8.51366
-12.72949, 8.51366,-12.55362, 8.68952
-12.55362, 8.68952,-12.35631, 8.84093
-12.35631, 8.84093,-12.14092, 8.96528
-12.14092, 8.96528,-11.91114, 9.06046
-11.91114, 9.06046,-11.67090, 9.12483
-11.67090, 9.12483,-11.42432, 9.15730
-11.42432, 9.15730,-11.17560, 9.15730
-11.17560, 9.15730,-10.92902, 9.12483
-10.92902, 9.12483,-10.68878, 9.06046
-10.68878, 9.06046,-10.45901, 8.96528
-10.45901, 8.96528,-10.24362, 8.84093
-10.24362, 8.84093,-10.04630, 8.68952
-10.04630, 8.68952,-9.87043, 8.51366
-9.87043, 8.51366,-9.71903, 8.31634
-9.71903, 8.31634,-9.59468, 8.10095
-9.59468, 8.10095,-9.49950, 7.87118
-9.49950, 7.87118,-9.43513, 7.63094
-9.43513, 7.63094,-9.40266, 7.38436
-9.40266, 7.38436,-9.40266, 4.58564
-9.40266, 4.58564,-9.43513, 4.33906
-9.43513, 4.33906,-9.49950, 4.09882
-9.49950, 4.09882,-9.59468, 3.86904
-9.59468, 3.86904,-9.71903, 3.65365
-9.71903, 3.65365,-9.87043, 3.45634
-9.87043, 3.45634,-10.04630, 3.28047
-10.04630, 3.28047,-10.24362, 3.12907
-10.24362, 3.12907,-10.45901, 3.00471
-10.45901, 3.00471,-10.68878, 2.90953
-10.68878, 2.90953,-10.92902, 2.84516
-10.92902, 2.84516,-11.17560, 2.81270
-11.17560, 2.81270,-11.42432, 2.81270
-11.42432, 2.81270,-11.67090, 2.84516
-11.67090, 2.84516,-11.91114, 2.90953
-11.91114, 2.90953,-12.14092, 3.00471
-12.14092, 3.00471,-12.35631, 3.12907
-12.35631, 3.12907,-12.55362, 3.28047
-12.55362, 3.28047,-12.72949, 3.45634
-12.72949, 3.45634,-12.88089, 3.65365
-12.88089, 3.65365,-13.00525, 3.86904
-13.00525, 3.86904,-13.10043, 4.09882
-13.10043, 4.09882,-13.16480, 4.33906
-13.16480, 4.33906,-13.19726, 4.58564
